<?xml version="1.0" encoding="UTF-8" standalone="no"?>
<svg
  <rect
     x="0"
     y="56.518585"
     width="900"
     height="93.481415"
     fill="#181818"
     id="rect198"
     style="fill:#3f4041;fill-opacity:1;stroke-width:0.789436" />
  <path
     d="m -1.45812,79.842966 11.5,-2.149851 c 11.5,-2.091748 34.5,-6.391453 57.5,-1.220187 23,5.113162 46,19.639189 69.2,19.929709 23.1,0.290521 46.5,-13.654465 69.6,-20.336438 23.2,-6.681972 46.2,-6.100931 69.2,-3.021413 23,3.137621 46,8.715616 69,10.458739 23,1.743124 46,-0.348624 69.2,1.452604 23.1,1.85933 46.5,7.669742 69.6,4.938849 23.2,-2.67279 46.2,-13.944987 69.2,-15.455694 23,-1.568811 46,6.565764 69,6.391453 23,-0.232418 46,-8.715617 69.2,-8.076472 23.1,0.69725 46.5,10.574948 69.6,15.97863 23.2,5.461786 46.2,6.391452 69.2,6.79818 23,0.406729 46,0.174314 57.5,0.116209 l 11.5,-0.116209 v 55.198905 h -11.5 c -11.5,0 -34.5,0 -57.5,0 -23,0 -46,0 -69.2,0 -23.1,0 -46.5,0 -69.6,0 -23.2,0 -46.2,0 -69.2,0 -23,0 -46,0 -69,0 -23,0 -46,0 -69.2,0 -23.1,0 -46.5,0 -69.6,0 -23.2,0 -46.2,0 -69.2,0 -23,0 -46,0 -69,0 -23,0 -46,0 -69.2,0 -23.1,0 -46.5,0 -69.6,0 -23.2,0 -46.2,0 -69.2,0 -23,0 -46,0 -57.5,0 h -11.5 z"
     fill="#d15004"
     id="path200"
     style="fill:#bdbbb9;fill-opacity:1;stroke-width:0.76226" />
  <path
     d="m 0,92.560052 11.5,0.903711 C 23,94.367473 46,96.174894 69,94.969947 92,93.765 115,89.547684 138.2,90.873125 c 23.1,1.265195 46.5,8.133396 69.6,6.20548 23.2,-1.927916 46.2,-12.531453 69.2,-15.36308 23,-2.831626 46,2.229154 69,4.639049 23,2.409894 46,2.168905 69.2,0.06025 23.1,-2.108658 46.5,-6.084984 69.6,-7.892405 23.2,-1.807422 46.2,-1.445937 69.2,-0.120495 23,1.325442 46,3.494347 69,3.735337 23,0.180742 46,-1.626679 69.2,-2.04841 23.1,-0.361485 46.5,0.602473 69.6,5.843994 23.2,5.241521 46.2,14.640105 69.2,14.760605 23,0.12049 46,-9.1576 57.5,-13.7364 L 2000,82.317999 V 151 h -11.5 c -11.5,0 -34.5,0 -57.5,0 -23,0 -46,0 -69.2,0 -23.1,0 -46.5,0 -69.6,0 -23.2,0 -46.2,0 -69.2,0 -23,0 -46,0 -69,0 -23,0 -46,0 -69.2,0 -23.1,0 -46.5,0 -69.6,0 -23.2,0 -46.2,0 -69.2,0 -23,0 -46,0 -69,0 -23,0 -46,0 -69.2,0 -23.1,0 -46.5,0 -69.6,0 -23.2,0 -46.2,0 -69.2,0 -23,0 -46,0 -57.5,0 H 0 Z"
     fill="#d75c01"
     id="path202"
     style="fill:#d1d1d1;fill-opacity:1;stroke-width:0.776192" />
  <path
     d="m 0,109.19089 11.5,-1.46 C 23,106.33725 46,103.41725 69,100.69634 c 23,-2.787275 46,-5.441822 69.2,-9.556369 23.1,-4.048184 46.5,-9.622732 69.6,-6.702731 23.2,2.853638 46.2,14.135462 69.2,15.66183 23,1.59272 46,-6.636371 69,-7.69819 23,-1.128182 46,4.844548 69.2,4.51273 23.1,-0.331818 46.5,-6.968185 69.6,-9.423641 23.2,-2.389092 46.2,-0.663637 69.2,2.654547 23,3.318183 46,8.229095 69,7.897276 23,-0.331818 46,-5.906366 69.2,-5.906366 23.1,0 46.5,5.574548 69.6,9.091824 23.2,3.51727 46.2,5.11 69.2,-1.12818 23,-6.171825 46,-20.108196 57.5,-27.076381 L 2000,66.054504 V 151 h -11.5 c -11.5,0 -34.5,0 -57.5,0 -23,0 -46,0 -69.2,0 -23.1,0 -46.5,0 -69.6,0 -23.2,0 -46.2,0 -69.2,0 -23,0 -46,0 -69,0 -23,0 -46,0 -69.2,0 -23.1,0 -46.5,0 -69.6,0 -23.2,0 -46.2,0 -69.2,0 -23,0 -46,0 -69,0 -23,0 -46,0 -69.2,0 -23.1,0 -46.5,0 -69.6,0 -23.2,0 -46.2,0 -69.2,0 -23,0 -46,0 -57.5,0 H 0 Z"
     fill="#dc6700"
     id="path204"
     style="fill:#ebe9e7;fill-opacity:1;stroke-width:0.814639" />
  <path
     d="m 0,112.01633 11.5,-1.06891 C 23,109.94139 46,107.80357 69,108.24371 c 23,0.44014 46,3.33248 69.2,3.96125 23.1,0.62877 46.5,-1.00603 69.6,-4.087 23.2,-3.01809 46.2,-7.41948 69.2,-6.97934 23,0.37726 46,5.65892 69,2.70371 23,-2.95522 46,-14.021548 69.2,-12.889765 23.1,1.131785 46.5,14.587445 69.6,14.776075 23.2,0.18863 46.2,-12.764014 69.2,-17.416904 23,-4.590013 46,-0.8174 69,5.910428 23,6.664946 46,16.347996 69.2,17.982796 23.1,1.69767 46.5,-4.59002 69.6,-5.97331 23.2,-1.32041 46.2,2.20069 69.2,0.56589 23,-1.69767 46,-8.614131 57.5,-12.07236 L 2000,91.26695 V 151 h -11.5 c -11.5,0 -34.5,0 -57.5,0 -23,0 -46,0 -69.2,0 -23.1,0 -46.5,0 -69.6,0 -23.2,0 -46.2,0 -69.2,0 -23,0 -46,0 -69,0 -23,0 -46,0 -69.2,0 -23.1,0 -46.5,0 -69.6,0 -23.2,0 -46.2,0 -69.2,0 -23,0 -46,0 -69,0 -23,0 -46,0 -69.2,0 -23.1,0 -46.5,0 -69.6,0 -23.2,0 -46.2,0 -69.2,0 -23,0 -46,0 -57.5,0 H 0 Z"
     fill="#e17200"
     id="path206"
     style="fill:#f4f2ed;fill-opacity:1;stroke-width:0.79295" />
  <path
     d="m 0,120.18992 11.5,-1.79258 C 23,116.66077 46,113.0756 69,110.38672 c 23,-2.68888 46,-4.5935 69.2,-5.15368 23.1,-0.56019 46.5,0.22407 69.6,-1.68055 23.2,-1.84861 46.2,-6.330074 69.2,-7.730532 23,-1.400458 46,0.280092 69,1.400458 23,1.120366 46,1.68055 69.2,5.769884 23.1,4.14536 46.5,11.76385 69.6,16.24531 23.2,4.48147 46.2,5.82591 69.2,3.025 23,-2.80093 46,-9.74719 69,-14.78884 23,-5.04165 46,-8.178676 69.2,-4.64952 23.1,3.52915 46.5,13.83652 69.6,15.68512 23.2,1.84861 46.2,-4.64951 69.2,-6.04997 23,-1.40046 46,2.29675 57.5,4.20137 l 11.5,1.8486 V 151 h -11.5 c -11.5,0 -34.5,0 -57.5,0 -23,0 -46,0 -69.2,0 -23.1,0 -46.5,0 -69.6,0 -23.2,0 -46.2,0 -69.2,0 -23,0 -46,0 -69,0 -23,0 -46,0 -69.2,0 -23.1,0 -46.5,0 -69.6,0 -23.2,0 -46.2,0 -69.2,0 -23,0 -46,0 -69,0 -23,0 -46,0 -69.2,0 -23.1,0 -46.5,0 -69.6,0 -23.2,0 -46.2,0 -69.2,0 -23,0 -46,0 -57.5,0 H 0 Z"
     fill="#e67d00"
     id="path208"
     style="fill:#d9d9d9;fill-opacity:1;stroke-width:0.748454" />
  <path
     d="m 0,105.29067 11.5,0.59363 c 11.5,0.59363 34.5,1.78089 57.5,4.45221 23,2.67132 46,6.82672 69.2,9.49804 23.1,2.67133 46.5,3.85858 69.6,0.11873 23.2,-3.79922 46.2,-12.46618 69.2,-15.37496 23,-2.84941 46,0.11873 69,3.97731 23,3.85858 46,8.6076 69.2,8.90441 23.1,0.29681 46.5,-3.85858 69.6,-3.08686 23.2,0.83108 46.2,6.5299 69.2,5.16456 23,-1.36535 46,-9.91358 69,-13.65344 23,-3.73985 46,-2.79005 69.2,-2.79005 23.1,0 46.5,-0.9498 69.6,-0.35617 23.2,0.59362 46.2,2.73068 69.2,4.33348 23,1.60279 46,2.5526 57.5,3.08686 l 11.5,0.4749 V 151 h -11.5 c -11.5,0 -34.5,0 -57.5,0 -23,0 -46,0 -69.2,0 -23.1,0 -46.5,0 -69.6,0 -23.2,0 -46.2,0 -69.2,0 -23,0 -46,0 -69,0 -23,0 -46,0 -69.2,0 -23.1,0 -46.5,0 -69.6,0 -23.2,0 -46.2,0 -69.2,0 -23,0 -46,0 -69,0 -23,0 -46,0 -69.2,0 -23.1,0 -46.5,0 -69.6,0 -23.2,0 -46.2,0 -69.2,0 -23,0 -46,0 -57.5,0 H 0 Z"
     fill="#ea8800"
     id="path210"
     style="fill:#e1e1e1;fill-opacity:0.750198;stroke-width:0.770472" />
  <path
     d="m 0,114.48232 11.5,-1.54736 C 23,111.3876 46,108.29289 69,107.17879 c 23,-1.176 46,-0.30948 69.2,-0.74274 23.1,-0.43326 46.5,-2.04251 69.6,0.80463 23.2,2.90904 46.2,10.33636 69.2,12.19319 23,1.85683 46,-1.85683 69,-5.07534 23,-3.15661 46,-5.87996 69.2,-5.4467 23.1,0.43326 46.5,3.89934 69.6,5.69428 23.2,1.73304 46.2,1.73304 69.2,0.0619 23,-1.60926 46,-4.95155 69,-7.30354 23,-2.35199 46,-3.83745 69.2,0 23.1,3.83745 46.5,12.87403 69.6,14.05002 23.2,1.1141 46.2,-5.69428 69.2,-7.86058 23,-2.16631 46,0.30947 57.5,1.54736 l 11.5,1.23788 V 151 h -11.5 c -11.5,0 -34.5,0 -57.5,0 -23,0 -46,0 -69.2,0 -23.1,0 -46.5,0 -69.6,0 -23.2,0 -46.2,0 -69.2,0 -23,0 -46,0 -69,0 -23,0 -46,0 -69.2,0 -23.1,0 -46.5,0 -69.6,0 -23.2,0 -46.2,0 -69.2,0 -23,0 -46,0 -69,0 -23,0 -46,0 -69.2,0 -23.1,0 -46.5,0 -69.6,0 -23.2,0 -46.2,0 -69.2,0 -23,0 -46,0 -57.5,0 H 0 Z"
     fill="#ee9300"
     id="path212"
     style="fill:#dedede;fill-opacity:1;stroke-width:0.78673" />
  <path
     d="m 0,114.98808 11.5,0.10438 c 11.5,0.0522 34.5,0.26095 57.5,0.52191 23,0.26096 46,0.5741 69.2,2.24422 23.1,1.67012 46.5,4.59283 69.6,5.74103 23.2,1.14821 46.2,0.41753 69.2,-1.30478 23,-1.72231 46,-4.54063 69,-3.28804 23,1.20039 46,6.41951 69.2,9.81194 23.1,3.39243 46.5,4.95817 69.6,4.33187 23.2,-0.5741 46.2,-3.39243 69.2,-4.59282 23,-1.2004 46,-0.88725 69,0.52191 23,1.40916 46,3.80996 69.2,2.60956 23.1,-1.2004 46.5,-6.10637 69.6,-7.1502 23.2,-1.04382 46.2,1.7745 69.2,1.14821 23,-0.62629 46,-4.59282 57.5,-6.62828 L 1000,117.07572 V 151 h -11.5 c -11.5,0 -34.5,0 -57.5,0 -23,0 -46,0 -69.2,0 -23.1,0 -46.5,0 -69.6,0 -23.2,0 -46.2,0 -69.2,0 -23,0 -46,0 -69,0 -23,0 -46,0 -69.2,0 -23.1,0 -46.5,0 -69.6,0 -23.2,0 -46.2,0 -69.2,0 -23,0 -46,0 -69,0 -23,0 -46,0 -69.2,0 -23.1,0 -46.5,0 -69.6,0 -23.2,0 -46.2,0 -69.2,0 -23,0 -46,0 -57.5,0 H 0 Z"
     fill="#f29e00"
     id="path214"
     style="fill:#ededed;fill-opacity:0.64149;stroke-width:0.722435" />
  <path
     d="m 0,129.24691 11.5,0.32959 c 11.5,0.32959 34.5,0.98878 57.5,0.13184 23,-0.92286 46,-3.29592 69.2,-4.08695 23.1,-0.79102 46.5,0.13184 69.6,-0.85694 23.2,-0.98877 46.2,-3.88919 69.2,-2.57082 23,1.31837 46,6.85552 69,8.23981 23,1.45021 46,-1.18653 69.2,-1.38429 23.1,-0.26367 46.5,1.97756 69.6,0.65919 23.2,-1.31837 46.2,-6.19634 69.2,-8.17389 23,-1.97755 46,-1.0547 69,1.7798 23,2.83449 46,7.71246 69.2,9.88777 23.1,2.17531 46.5,1.77979 69.6,-0.13184 23.2,-1.84572 46.2,-5.14164 69.2,-8.63532 23,-3.5596 46,-7.25103 57.5,-9.16266 L 1000,113.42648 V 151 h -11.5 c -11.5,0 -34.5,0 -57.5,0 -23,0 -46,0 -69.2,0 -23.1,0 -46.5,0 -69.6,0 -23.2,0 -46.2,0 -69.2,0 -23,0 -46,0 -69,0 -23,0 -46,0 -69.2,0 -23.1,0 -46.5,0 -69.6,0 -23.2,0 -46.2,0 -69.2,0 -23,0 -46,0 -69,0 -23,0 -46,0 -69.2,0 -23.1,0 -46.5,0 -69.6,0 -23.2,0 -46.2,0 -69.2,0 -23,0 -46,0 -57.5,0 H 0 Z"
     fill="#f5a900"
     id="path216"
     style="fill:#fcfcfc;fill-opacity:0.477583;stroke-width:0.811902" />
  <path
     d="m 0,139.97362 11.5,-2.72758 C 23,134.5765 46,129.12134 69,126.50983 c 23,-2.61151 46,-2.37938 69.2,-0.58034 23.1,1.85708 46.5,5.33909 69.6,7.66044 23.2,2.32134 46.2,3.48201 69.2,3.30791 23,-0.23214 46,-1.74101 69,-2.72758 23,-0.98657 46,-1.33477 69.2,-1.16067 23.1,0.1741 46.5,0.98657 69.6,0.8705 23.2,-0.11606 46.2,-1.0446 69.2,-2.78561 23,-1.74101 46,-4.29448 69,-4.75875 23,-0.46427 46,1.0446 69.2,1.16067 23.1,0.11607 46.5,-1.27674 69.6,-0.58034 23.2,0.69641 46.2,3.36595 69.2,6.2096 23,2.78561 46,5.68729 57.5,7.13813 l 11.5,1.45084 V 151 h -11.5 c -11.5,0 -34.5,0 -57.5,0 -23,0 -46,0 -69.2,0 -23.1,0 -46.5,0 -69.6,0 -23.2,0 -46.2,0 -69.2,0 -23,0 -46,0 -69,0 -23,0 -46,0 -69.2,0 -23.1,0 -46.5,0 -69.6,0 -23.2,0 -46.2,0 -69.2,0 -23,0 -46,0 -69,0 -23,0 -46,0 -69.2,0 -23.1,0 -46.5,0 -69.6,0 -23.2,0 -46.2,0 -69.2,0 -23,0 -46,0 -57.5,0 H 0 Z"
     fill="#f7b500"
     id="path218"
     style="fill:#f0f0f0;fill-opacity:1;stroke-width:0.761798" />
  <path
     d="m 0,143.8372 11.5,-0.13024 c 11.5,-0.0651 34.5,-0.32558 57.5,-2.60465 23,-2.27908 46,-6.57676 69.2,-6.70699 23.1,-0.13024 46.5,4.03721 69.6,5.66512 23.2,1.62791 46.2,0.71628 69.2,-1.62791 23,-2.4093 46,-6.31629 69,-7.9442 23,-1.62791 46,-0.97674 69.2,0.19535 23.1,1.23721 46.5,2.93024 69.6,3.90699 23.2,0.97674 46.2,1.23721 69.2,2.21395 23,0.97675 46,2.66978 69,4.10234 23,1.43256 46,2.47442 69.2,2.47442 23.1,0 46.5,-1.04186 69.6,-3.12559 23.2,-2.08372 46.2,-5.07908 69.2,-7.03257 23,-1.95349 46,-2.86512 57.5,-3.25582 L 1000,129.51159 V 151 h -11.5 c -11.5,0 -34.5,0 -57.5,0 -23,0 -46,0 -69.2,0 -23.1,0 -46.5,0 -69.6,0 -23.2,0 -46.2,0 -69.2,0 -23,0 -46,0 -69,0 -23,0 -46,0 -69.2,0 -23.1,0 -46.5,0 -69.6,0 -23.2,0 -46.2,0 -69.2,0 -23,0 -46,0 -69,0 -23,0 -46,0 -69.2,0 -23.1,0 -46.5,0 -69.6,0 -23.2,0 -46.2,0 -69.2,0 -23,0 -46,0 -57.5,0 H 0 Z"
     fill="#f9c000"
     id="path220"
     style="fill:#fafafa;fill-opacity:0.714906;stroke-width:0.806947" />
  <path
     d="M0 146L11.5 143.7C23 141.3 46 136.7 69 136.5C92 136.3 115 140.7 138.2 139.8C161.3 139 184.7 133 207.8 133.3C231 133.7 254 140.3 277 141C300 141.7 323 136.3 346 135.5C369 134.7 392 138.3 415.2 140C438.3 141.7 461.7 141.3 484.8 140.8C508 140.3 531 139.7 554 138C577 136.3 600 133.7 623 133C646 132.3 669 133.7 692.2 134.7C715.3 135.7 738.7 136.3 761.8 136.7C785 137 808 137 831 138.8C854 140.7 877 144.3 888.5 146.2L900 148L900 151L888.5 151C877 151 854 151 831 151C808 151 785 151 761.8 151C738.7 151 715.3 151 692.2 151C669 151 646 151 623 151C600 151 577 151 554 151C531 151 508 151 484.8 151C461.7 151 438.3 151 415.2 151C392 151 369 151 346 151C323 151 300 151 277 151C254 151 231 151 207.8 151C184.7 151 161.3 151 138.2 151C115 151 92 151 69 151C46 151 23 151 11.5 151L0 151Z"
     fill="#fbcb04"
     id="path222"
     style="fill:#ffffff;fill-opacity:0.67394793" />
  <rect
     style="fill:none;stroke:#000000"
     id="rect943"
     width="10.776155"
     height="8.0806465"
     x="856.1546"
     y="-96.056519" />
</svg>
